3.59316
5.05057
5.25288
5.44839
4.53993
5.58298
5.40378
5.29358
5.83827
6.03907
5.96697
6.44975
6.59513
7.13492
7.74902
8.65268
10.4112
12.2131
 14.709
17.5056
18.4399
19.4778
 23.346
24.3545
24.3719
 23.963
23.6902
23.3296
23.2837
21.7541
20.9441
19.6421
16.2158
14.7654
14.2304
 13.762
13.3605
13.8089
15.3998
16.8724
18.4571
21.4241
22.3353
  23.38
23.6816
 24.984
24.4154
26.1124
24.2333
23.0076
19.8907
17.2261
15.2742
15.4365
15.7962
15.6292
15.7307
16.3472
17.3267
17.9286
17.3639
17.4731
17.8744
17.5326
17.4948
18.3356
18.7195
20.6321
22.3287
21.5524
22.5417
24.4319
24.1088
21.9139
  18.52
17.9988
19.0091
19.3502
19.3118
 21.038
21.4362
20.5123
20.1332
 18.441
17.7673
18.4553
19.0918
19.0743
 20.008
19.6212
20.4047
19.9279
19.7922
18.4615
18.0398
18.2709
 17.108
16.7328
16.9307
18.0405
