0.585064
 1.09871
 1.51858
 1.93145
 2.31408
  2.6764
 3.02381
 3.37918
 3.64857
 3.94723
 4.22302
 4.49796
 4.74584
 5.04086
 5.23229
 5.43069
 5.55128
 5.69919
 5.81704
 5.83003
 5.80544
 5.81387
 5.70561
  5.5155
 5.30541
 5.18723
 5.10043
 4.96747
 4.86219
 4.82534
 4.82163
 4.76612
 4.83569
 4.89913
 5.06082
 5.11359
 5.25063
 5.38832
 5.50401
 5.45697
 5.49463
 5.50923
 5.40654
 5.35114
 5.29282
 5.23517
 5.10268
 4.98663
   4.944
 4.88319
 4.88595
 4.77878
 4.86772
 4.96105
 5.05647
 5.15659
 5.21378
 5.28325
 5.29828
 5.20436
 5.20855
 5.22201
 5.27891
 5.31195
 5.34748
 5.34323
 5.34496
  5.3502
 5.32937
 5.27566
 5.23353
 5.17718
 5.03706
 4.96877
 4.97797
 5.04597
 5.10028
  5.0958
 5.14408
 5.12695
 5.10333
 5.12065
  5.0549
 5.00556
 5.05069
  5.1325
 5.15642
 5.10635
 5.15045
   5.177
 5.09665
 5.07962
 5.06655
 5.05372
 5.11669
 5.07735
 5.07216
 5.14031
  5.2067
 5.28798
