  -0.882987
  -0.780259
  -0.696285
  -0.613709
  -0.537183
  -0.464721
  -0.395239
  -0.324164
  -0.270286
  -0.210554
  -0.155397
  -0.100409
 -0.0508316
 0.00817222
   0.046457
  0.0861378
   0.110257
   0.139839
   0.163408
   0.166006
   0.161088
   0.162773
   0.141123
   0.103101
  0.0610811
  0.0374458
  0.0200865
-0.00650602
 -0.0275614
  -0.034931
 -0.0356738
 -0.0467754
 -0.0328617
 -0.0201742
   0.012163
  0.0227174
  0.0501264
  0.0776635
   0.100802
  0.0913944
  0.0989254
   0.101846
  0.0813072
  0.0702289
  0.0585641
  0.0470346
  0.0205363
-0.00267473
 -0.0112001
 -0.0233613
 -0.0228101
 -0.0442433
 -0.0264558
-0.00779033
  0.0112942
  0.0313188
  0.0427566
  0.0566494
  0.0596565
  0.0408712
  0.0417093
  0.0444025
  0.0557828
  0.0623899
  0.0694956
  0.0686466
  0.0689918
  0.0700391
  0.0658749
   0.055131
  0.0467065
  0.0354368
 0.00741272
 -0.0062467
-0.00440685
 0.00919372
  0.0200561
  0.0191598
   0.028815
  0.0253903
  0.0206651
  0.0241304
  0.0109796
 0.00111249
  0.0101375
  0.0264993
  0.0312841
   0.021269
  0.0300905
  0.0353996
  0.0193305
  0.0159248
  0.0133106
  0.0107433
  0.0233384
  0.0154693
  0.0144313
  0.0280627
  0.0413399
  0.0575954
