0.00303848
0.00399178
0.00377202
0.00355246
0.00224833
0.00293594
0.00240402
0.00193373
0.00221182
0.00211297
0.00176156
0.00197151
0.00186797
0.00211521
0.00254215
0.00325454
0.00490898
0.00657974
0.00898183
 0.0117935
 0.0127621
 0.0138019
 0.0178186
 0.0190293
 0.0192591
 0.0189654
 0.0187775
 0.0185476
 0.0186076
 0.0170998
 0.0162853
 0.0150262
  0.011495
0.00996589
0.00926226
0.00873578
0.00819177
0.00850562
0.00999577
 0.0115307
 0.0130934
 0.0160756
 0.0170997
  0.018211
 0.0185745
 0.0199483
 0.0195078
 0.0213391
 0.0194842
 0.0183075
 0.0151563
  0.012573
 0.0105116
 0.0105812
 0.0108483
 0.0105784
 0.0106232
 0.0111757
   0.01215
 0.0128528
 0.0122782
 0.0123748
 0.0127227
 0.0123441
 0.0122701
 0.0131236
 0.0135096
 0.0154362
  0.017171
 0.0164411
  0.017483
 0.0194492
 0.0192643
 0.0171163
 0.0136789
 0.0130837
 0.0140493
 0.0143983
 0.0143108
 0.0160718
 0.0164978
 0.0155471
 0.0152306
 0.0135712
  0.012845
 0.0134574
 0.0140761
  0.014109
 0.0150076
 0.0145901
 0.0154627
 0.0149983
 0.0148743
 0.0135432
 0.0130537
 0.0133268
 0.0121574
 0.0117096
 0.0118424
 0.0128813
