0.157068
0.267303
0.411697
  0.5031
0.592701
  0.6827
0.759574
  0.8049
   0.889
 1.00128
 1.11884
 1.19974
 1.31428
 1.41895
 1.50249
 1.61563
  1.7091
 1.78958
 1.89292
 1.98836
 2.12274
 2.25745
 2.35114
 2.45269
 2.56665
 2.68839
 2.77945
  2.8713
 2.97115
 3.07693
 3.17316
 3.27621
 3.38139
 3.45325
  3.5188
 3.62442
 3.65082
 3.75177
   3.857
 3.95241
 4.05244
 4.14137
 4.19738
 4.29243
   4.374
 4.45664
 4.54955
 4.62217
 4.68103
 4.73859
 4.81429
  4.9063
 4.95162
 5.01932
 5.08333
 5.15907
 5.20793
 5.23933
 5.23009
 5.20952
 5.19895
 5.20725
 5.22095
 5.20333
 5.21024
  5.2069
 5.17644
 5.16059
 5.12019
 5.08324
 5.01504
 4.97007
 4.97441
 4.94579
 4.96505
  4.9581
 4.98843
 4.96586
 4.94302
 4.91867
 4.89018
 4.87536
 4.86419
 4.86145
  4.8473
    4.84
 4.85991
  4.8809
 4.89146
 4.93109
 4.92245
  4.9444
 4.96056
 4.96497
 4.99717
 5.01304
 5.02395
 5.04559
 5.05145
 5.06296
