3.27562
5.44189
4.82152
 4.5446
5.07466
 4.1743
6.28401
4.95889
5.05131
3.45211
5.10916
 5.7239
6.15862
5.33924
5.65807
 5.4625
5.38146
6.23351
5.24044
4.76141
 5.7323
5.93333
5.51526
5.08805
5.07001
4.65646
4.89971
5.33045
5.20249
6.14441
4.71911
4.83244
5.22344
5.70459
5.48631
5.89248
5.51439
5.62186
5.56568
5.32722
5.54113
  5.564
5.37005
5.26244
  5.355
5.50351
5.75771
5.85222
5.96993
5.91434
5.98319
6.10616
6.30865
6.64289
6.87804
 7.1696
 7.2358
7.69652
8.32372
8.91454
9.25973
9.39527
10.0464
10.1643
10.4797
10.6845
11.1277
11.4041
11.3593
 11.113
11.1694
11.1644
11.0832
 10.756
10.7041
10.1951
10.5364
10.3409
11.0555
11.3131
11.3952
11.4398
 11.461
11.4454
10.9503
10.3853
 9.8697
8.93128
8.58673
8.57069
8.68785
8.67345
8.45535
8.82737
9.14599
8.75149
8.84719
8.96167
8.97107
9.17498
