   -0.968586
   -0.946539
   -0.917661
    -0.89938
    -0.88146
    -0.86346
   -0.848085
    -0.83902
     -0.8222
   -0.799744
   -0.776232
   -0.760051
   -0.737144
   -0.716209
   -0.699501
   -0.676874
    -0.65818
   -0.642084
   -0.621416
   -0.602328
   -0.575453
   -0.548511
   -0.529772
   -0.509463
    -0.48667
   -0.462321
    -0.44411
    -0.42574
   -0.405771
   -0.384613
   -0.365367
   -0.344758
   -0.323722
   -0.309351
    -0.29624
   -0.275117
   -0.269837
   -0.249646
   -0.228601
   -0.209519
   -0.189512
   -0.171726
   -0.160525
   -0.141514
     -0.1252
   -0.108672
  -0.0900891
  -0.0755667
  -0.0637941
  -0.0522816
  -0.0371423
  -0.0187403
 -0.00967648
  0.00386319
   0.0166654
   0.0318143
   0.0415859
   0.0478652
   0.0460185
   0.0419047
    0.039791
   0.0414506
   0.0441901
   0.0406663
   0.0420482
   0.0413807
   0.0352873
   0.0321172
   0.0240386
   0.0166485
   0.0030072
 -0.00598662
 -0.00511794
  -0.0108429
 -0.00699021
  -0.0083797
 -0.00231342
 -0.00682741
  -0.0113961
  -0.0162659
  -0.0219648
  -0.0249283
  -0.0271614
  -0.0277101
  -0.0305398
  -0.0319995
  -0.0280188
  -0.0238194
   -0.021708
   -0.013782
  -0.0155105
  -0.0111198
 -0.00788729
 -0.00700696
-0.000566687
  0.00260832
  0.00478923
  0.00911705
   0.0102907
   0.0125919
