 0.00315005
 0.00522685
 0.00445436
 0.00408233
 0.00452723
 0.00352687
 0.00558024
 0.00419594
 0.00420435
 0.00247559
 0.00403063
 0.00456986
 0.00489327
 0.00395989
 0.00419755
 0.00388573
 0.00370946
 0.00448882
 0.00338134
 0.00280106
 0.00364603
 0.00371301
 0.00319608
 0.00266198
 0.00252865
 0.00198795
 0.00214168
 0.00248399
 0.00225388
 0.00309846
 0.00156156
 0.00157195
 0.00186066
 0.00227409
 0.00198738
 0.00229098
  0.0018824
 0.00188898
 0.00172594
  0.0013887
 0.00150373
   0.001437
 0.00118452
0.000979808
0.000990913
 0.00105744
 0.00122036
 0.00124248
 0.00130192
 0.00118762
 0.00118071
 0.00121198
 0.00137074
 0.00163997
 0.00181285
 0.00203084
 0.00204835
 0.00248201
 0.00312488
 0.00374244
 0.00410179
 0.00423032
 0.00487417
 0.00501107
 0.00532272
 0.00553296
 0.00601138
  0.0063066
 0.00630209
 0.00609063
 0.00621657
 0.00625692
 0.00617053
 0.00586889
 0.00579702
 0.00528993
 0.00560401
 0.00542937
 0.00617427
 0.00645899
 0.00657069
 0.00663079
 0.00666347
 0.00665049
 0.00616465
 0.00560126
  0.0050604
 0.00409129
  0.0037326
 0.00367636
 0.00380344
 0.00376672
 0.00353009
 0.00390142
 0.00419073
 0.00377621
 0.00386186
 0.00395564
  0.0039592
 0.00415355
