0.886808
 1.68784
 2.45444
  3.1186
 3.68777
 4.28806
 4.64074
 5.16794
 5.55874
 5.87086
 6.12735
 6.25123
 6.30327
 6.20644
 6.01249
 5.59149
 5.28526
 5.01652
 4.83992
 4.69037
 4.73878
 4.80173
 4.88717
   5.075
 5.28533
 5.38539
 5.56542
 5.66809
  5.6363
 5.52242
 5.35629
 5.32317
 5.27639
 5.32921
 5.20078
 5.22892
 5.15136
 5.03316
 5.01126
 5.10604
 5.19838
 5.33781
 5.35054
 5.36447
 5.30647
 5.35701
 5.42112
 5.43392
 5.43883
 5.40455
 5.43438
 5.23417
  5.1121
 5.07954
 5.08861
 5.12813
   5.078
 5.16798
 5.17976
 5.20322
  5.3152
 5.43714
   5.492
 5.48271
 5.38817
 5.34423
 5.31033
  5.2724
 5.20709
 5.22695
 5.29441
  5.3603
 5.34831
 5.35378
 5.32788
 5.33038
   5.276
 5.31027
 5.34046
 5.31958
 5.35572
 5.27475
 5.19073
 5.24722
 5.17094
  5.0666
 5.12573
 5.07572
 5.15728
 5.25044
  5.2496
 5.21463
 5.34292
 5.40237
 5.33196
 5.30473
 5.25832
   5.292
 5.34152
 5.39596
