 4.7898
5.67678
5.00048
6.01727
6.05468
6.37978
  6.748
7.74876
9.47737
 10.569
13.1054
 16.035
23.5344
30.7553
38.9625
46.8428
45.8169
42.0537
  38.19
33.6341
30.8213
25.9556
22.3264
19.7071
19.7959
20.0587
23.2428
27.3525
31.6168
32.3848
33.0829
33.9607
31.2615
29.7516
 30.035
31.8211
32.8408
30.7442
26.8054
  24.89
25.3329
26.7715
26.2234
26.6389
26.1939
27.9015
27.0049
29.1658
30.6557
30.1108
32.7652
33.6799
32.2746
30.6121
30.3363
30.8231
30.6133
27.8815
 25.297
23.4285
22.7971
23.8965
26.6171
30.5907
31.6875
 31.836
31.7803
32.2692
29.2407
27.7236
28.0349
29.3948
30.7467
31.7138
29.9798
30.2794
32.0796
31.0105
30.3623
 31.061
31.0959
31.1553
30.6779
 31.849
31.3119
28.7904
26.9528
25.9569
26.1338
27.2214
26.7199
25.0695
25.1191
27.9312
 29.219
 28.163
27.7411
25.9608
26.0005
26.2848
