 -0.822638
 -0.662432
 -0.509112
  -0.37628
 -0.262446
 -0.142388
-0.0718516
 0.0335876
  0.111749
  0.174172
  0.225471
  0.250247
  0.260653
  0.241288
  0.202497
  0.118299
 0.0570521
0.00330398
-0.0320151
-0.0619268
-0.0522447
-0.0396531
-0.0225666
 0.0150007
 0.0570656
 0.0770777
  0.113084
  0.133618
  0.127261
  0.104484
 0.0712571
 0.0646331
 0.0552782
 0.0658418
 0.0401557
  0.045784
 0.0302726
0.00663116
0.00225104
 0.0212082
 0.0396765
 0.0675622
 0.0701083
 0.0728945
 0.0612944
 0.0714017
 0.0842239
 0.0867837
 0.0877669
 0.0809097
 0.0868755
 0.0468346
 0.0224195
 0.0159089
 0.0177211
 0.0256252
 0.0156009
 0.0335966
 0.0359512
  0.040644
 0.0630407
 0.0874282
 0.0984003
 0.0965424
 0.0776335
 0.0688451
 0.0620663
 0.0544807
 0.0414183
 0.0453906
 0.0588819
 0.0720599
 0.0696621
 0.0707569
 0.0655758
 0.0660758
 0.0552009
 0.0620541
 0.0680918
 0.0639157
 0.0711432
 0.0549497
 0.0381452
 0.0494434
 0.0341873
 0.0133201
 0.0251466
 0.0151436
 0.0314556
 0.0500889
 0.0499204
 0.0429253
 0.0685835
 0.0804742
 0.0663912
 0.0609467
 0.0516631
 0.0583993
 0.0683032
 0.0791924
