0.00394242
0.00402923
0.00257176
0.00292795
0.00239081
0.00211284
0.00212855
0.00260689
0.00395821
0.00474556
0.00704851
0.00988258
 0.0174052
 0.0247969
 0.0332829
  0.041668
 0.0409411
 0.0374113
  0.033687
 0.0292361
  0.026346
 0.0213675
 0.0176154
 0.0147799
 0.0146571
 0.0148216
 0.0178559
 0.0219035
 0.0262429
 0.0271337
 0.0280067
 0.0289268
 0.0262476
 0.0246691
 0.0250851
 0.0268608
 0.0279691
 0.0259707
 0.0220143
 0.0199838
 0.0203379
 0.0216501
 0.0210837
 0.0214893
 0.0210984
 0.0227722
 0.0218018
 0.0239716
 0.0254716
 0.0249558
 0.0276069
 0.0287331
 0.0274369
 0.0257904
 0.0255027
 0.0259545
 0.0257932
 0.0229429
 0.0203205
 0.0184093
 0.0176585
 0.0186458
 0.0213385
 0.0253616
  0.026565
 0.0267593
 0.0267374
 0.0272695
 0.0242763
 0.0227239
 0.0229702
 0.0242773
 0.0256549
 0.0266263
 0.0249009
 0.0252011
 0.0270744
 0.0259599
 0.0252745
 0.0260015
 0.0260001
  0.026142
 0.0257446
 0.0268705
 0.0264051
 0.0239634
 0.0220476
 0.0210921
 0.0211884
 0.0221929
 0.0216872
 0.0200554
 0.0199759
 0.0227564
 0.0241284
 0.0230891
 0.0227099
 0.0208776
 0.0208676
 0.0210998
