0.397329
0.656356
0.947596
 1.19001
 1.45344
 1.66688
 1.93384
  2.1686
   2.371
 2.57524
 2.80935
 2.98665
 3.19966
 3.37456
 3.59492
 3.82443
 4.02787
 4.22156
 4.37958
 4.55865
 4.76398
 4.97618
 5.11399
  5.2347
 5.32757
 5.41104
 5.48081
 5.51323
 5.50414
 5.44957
 5.39628
 5.35944
 5.24523
 5.18851
 5.15644
 5.06089
  5.0097
 4.87938
 4.80508
 4.71956
 4.72714
 4.74656
 4.82542
 4.93589
 4.99722
 5.01197
 5.08265
 5.11263
 5.11193
 5.11599
 5.07824
 5.05604
 5.04917
 5.04808
 5.04853
 5.03037
 5.02498
  5.0528
 5.17397
 5.22363
 5.23577
 5.23582
 5.18581
 5.17015
  5.1542
  5.1556
 5.08727
 5.12435
 5.18865
  5.1811
 5.18898
 5.15174
  5.0854
 5.04751
 5.02568
 5.00448
 5.01191
 5.03541
 5.06116
 5.12637
 5.11717
 5.13592
 5.12723
 5.11489
 5.07099
 5.06542
 5.08483
 5.10446
 5.09621
 5.04297
  5.0832
 5.08929
 5.12405
 5.13892
 5.15503
 5.12174
 5.12972
   5.056
 5.06441
 5.00771
