5.70503
5.19606
5.10655
5.24333
5.37263
5.11814
4.46822
4.79746
4.83082
5.81827
6.08767
6.07114
5.96245
5.97378
5.22024
5.59323
5.74608
6.16819
5.99007
6.07886
6.67728
6.71034
7.23775
 7.9616
8.89452
9.78335
10.9696
12.6353
14.7619
15.4762
16.3235
16.5588
16.8593
17.0635
18.3454
17.8952
19.7576
20.6228
18.5335
15.9108
14.0964
13.3247
12.6431
12.4579
12.1424
11.8159
12.0842
 13.073
 12.928
13.7234
14.4386
14.6402
15.1062
14.2931
13.9226
13.2495
 12.882
12.6679
13.0712
14.1572
13.9502
14.1946
14.4195
15.0577
16.6625
16.5964
15.4213
14.6496
14.5365
15.2511
16.2403
15.4533
15.8688
16.0395
14.7103
14.4569
 13.811
13.1212
13.5958
13.9345
14.7271
15.5829
16.6171
16.4519
16.2423
14.7964
14.5065
14.2956
14.7893
14.1137
13.7604
13.0211
13.1111
13.5699
14.0205
14.8417
15.8554
16.4708
16.6357
15.6971
