   -0.920534
   -0.868729
   -0.810481
   -0.761997
   -0.709313
   -0.666623
   -0.613232
   -0.566281
     -0.5258
   -0.484952
   -0.438129
   -0.402669
   -0.360069
   -0.325088
   -0.281016
   -0.235114
   -0.194427
   -0.155688
   -0.124084
  -0.0882706
  -0.0472038
 -0.00476412
   0.0227983
   0.0469392
   0.0655146
   0.0822075
   0.0961625
    0.102645
    0.100828
   0.0899139
   0.0792553
   0.0718876
   0.0490451
   0.0377012
   0.0312883
   0.0121781
  0.00193966
  -0.0241232
  -0.0389831
  -0.0560889
  -0.0545728
  -0.0506888
  -0.0349154
  -0.0128229
-0.000556232
  0.00239308
   0.0165308
   0.0225263
   0.0223853
   0.0231975
   0.0156471
   0.0112084
  0.00983396
  0.00961617
  0.00970576
  0.00607366
  0.00499583
   0.0105603
   0.0347948
   0.0447252
   0.0471541
    0.047165
   0.0371618
    0.034031
   0.0308407
   0.0311198
   0.0174544
   0.0248699
   0.0377292
   0.0362201
   0.0377965
   0.0303486
   0.0170801
  0.00950268
  0.00513618
 0.000895436
   0.0023828
  0.00708104
   0.0122317
   0.0252745
   0.0234333
   0.0271832
   0.0254469
   0.0229776
   0.0141974
   0.0130849
   0.0169664
    0.020892
   0.0192422
  0.00859482
   0.0166396
   0.0178578
   0.0248101
    0.027784
   0.0310069
   0.0243486
   0.0259448
   0.0112001
   0.0128825
  0.00154217
