0.00536132
0.00458556
0.00420096
0.00409426
0.00395878
0.00348611
0.00255998
0.00265541
0.00248467
0.00327578
0.00331143
0.00311565
 0.0027907
0.00262548
0.00164173
0.00178667
0.00173556
 0.0019663
0.00162676
0.00153557
0.00193262
0.00175168
0.00214521
0.00275445
0.00360298
0.00441647
0.00554425
0.00719397
 0.0093513
 0.0101279
 0.0110376
 0.0113125
 0.0117314
  0.011995
 0.0133222
  0.012964
 0.0148969
 0.0159024
 0.0138671
 0.0113043
0.00946387
0.00866475
0.00789666
0.00759802
0.00721736
0.00687264
0.00707228
0.00804075
0.00789506
0.00869436
0.00945491
0.00968098
 0.0101586
0.00933843
0.00896373
0.00830215
0.00793636
0.00769202
0.00797698
0.00902386
0.00880244
0.00904924
0.00932698
0.00998743
 0.0116245
 0.0115563
 0.0104384
0.00962145
0.00944229
 0.0101718
 0.0111629
 0.0104057
 0.0108923
  0.011103
0.00978249
0.00954786
  0.008888
0.00816751
 0.0086209
0.00889709
0.00970699
 0.0105525
 0.0116059
 0.0114516
 0.0112842
 0.0098293
0.00951683
0.00928397
0.00979099
 0.0091624
 0.0087649
0.00801188
0.00806775
0.00851618
0.00895498
0.00981809
  0.010834
 0.0115301
 0.0116882
 0.0107974
