   0.0369212
    0.030849
  -0.0273544
   0.0152925
  0.00704555
   0.0547378
  0.00340183
   0.0370615
   0.0271368
   0.0102278
  0.00556453
   0.0310862
   0.0454652
 -0.00777013
   0.0131687
   0.0179853
   0.0571417
    0.036143
  0.00282754
-0.000841174
    0.044055
   0.0450043
   0.0231127
  0.00770229
   0.0308938
   0.0848395
  0.00818189
    0.066171
   0.0269347
   0.0149152
   -0.024421
 0.000128009
   0.0335256
   0.0234724
   0.0621934
   0.0255069
   0.0605417
   0.0581085
   0.0185516
   0.0172307
 0.000583926
  0.00854789
   0.0193856
   0.0186375
   0.0282927
  0.00862238
 -0.00206835
  -0.0264702
  0.00868808
  0.00561704
   0.0539092
   0.0453712
   0.0335092
 0.000563986
   0.0346993
   0.0025833
   0.0117106
   0.0374812
  0.00265843
    0.066267
 -0.00776097
  0.00626768
   0.0401793
 -0.00835702
   0.0189448
 -0.00352989
   0.0455009
   0.0526736
  0.00448399
  -0.0195717
  -0.0552606
   0.0206008
   0.0047505
   0.0118636
   0.0616754
  -0.0289295
  0.00521003
   0.0370375
 -0.00398016
   0.0237112
  -0.0135057
  0.00671347
  -0.0207148
   0.0261702
   0.0153746
  0.00569663
   0.0122716
   -0.007273
  0.00126588
   0.0157723
  0.00928681
  0.00543956
 0.000529239
  0.00289727
   0.0286771
   0.0438024
 0.000601063
   0.0421814
    0.035639
-0.000324999
