 0.180523
 0.179743
 0.118006
 0.146959
 0.147463
 0.202748
 0.151631
 0.174078
 0.171353
 0.155799
 0.150867
 0.169873
 0.182472
 0.136628
 0.162539
 0.164311
 0.204358
 0.181369
   0.1469
 0.146934
 0.190503
 0.190174
 0.167186
 0.155421
 0.175871
 0.222412
 0.149903
 0.203552
 0.175005
 0.158647
 0.124333
 0.147363
 0.177357
 0.169051
 0.207379
 0.172907
 0.208059
 0.200307
 0.163589
  0.16514
 0.144871
 0.156464
 0.168511
 0.165469
 0.168612
 0.157791
 0.145925
 0.122265
 0.153894
 0.147787
 0.182604
 0.192908
 0.181612
 0.150016
 0.180214
 0.145172
 0.149981
 0.185219
 0.150501
 0.213884
  0.14123
 0.154207
 0.188474
 0.137105
 0.167396
 0.141393
 0.193984
  0.19272
  0.15266
 0.128898
0.0917252
 0.164983
 0.153107
 0.148275
 0.202719
 0.120368
  0.15437
 0.181582
 0.142043
 0.171811
 0.133828
  0.14389
 0.123933
 0.171206
 0.156626
 0.154498
 0.160116
 0.138985
 0.149476
 0.163116
 0.146809
 0.152124
 0.148598
 0.150788
  0.17592
 0.191552
 0.148719
 0.184505
 0.181507
 0.143156
