    0.203487
    0.198284
   -0.213291
  -0.0202749
  -0.0169163
    0.351654
   0.0108727
    0.160523
    0.142352
   0.0386633
  0.00578315
    0.132487
    0.216478
  -0.0891466
   0.0835956
   0.0954035
    0.362384
    0.209127
  -0.0206687
  -0.0204401
    0.270017
    0.267824
     0.11457
   0.0361368
    0.172472
    0.482744
-0.000648861
    0.357016
      0.1667
   0.0576456
   -0.171112
  -0.0175825
     0.18238
    0.127007
    0.382527
    0.152714
    0.387063
    0.335382
   0.0905918
    0.100933
  -0.0341945
   0.0430953
    0.123408
    0.103127
    0.124078
   0.0519398
  -0.0271699
     -0.1849
   0.0259631
  -0.0147539
    0.217358
    0.286053
    0.210748
 0.000108372
    0.201424
   -0.032188
-0.000123677
    0.234792
  0.00334288
    0.425896
  -0.0584637
   0.0280464
    0.256494
  -0.0859636
    0.115975
  -0.0573827
    0.293225
    0.284801
   0.0177344
    -0.14068
   -0.388499
   0.0998878
    0.020712
  -0.0114986
    0.351462
   -0.197549
   0.0291333
    0.210548
  -0.0530491
    0.145404
   -0.107816
  -0.0407355
   -0.173783
    0.141377
   0.0441746
   0.0299886
   0.0674415
  -0.0734358
 -0.00349603
   0.0874399
  -0.0212763
   0.0141607
 -0.00934874
  0.00525331
    0.172797
    0.277011
 -0.00854017
    0.230036
    0.210044
  -0.0456254
