    0.144398
    0.106518
  -0.0757172
    0.112087
   0.0554285
    0.189092
   0.0172425
    0.166815
    0.109736
   0.0488538
   0.0342053
    0.140997
    0.194863
 -0.00722757
   0.0459934
   0.0722004
    0.199752
     0.13639
   0.0291846
  0.00461221
    0.158691
    0.166117
   0.0967996
   0.0332802
    0.119723
    0.324225
   0.0548704
    0.262632
   0.0962147
   0.0706116
  -0.0772506
  0.00964467
    0.132314
   0.0929791
    0.223359
   0.0936895
     0.21008
    0.219699
   0.0783815
   0.0644043
   0.0209901
   0.0354383
   0.0675334
   0.0726865
    0.126579
   0.0315126
-0.000204092
  -0.0840179
    0.044939
   0.0448239
    0.250716
    0.159448
     0.11802
  0.00370572
    0.130617
    0.033316
   0.0781325
    0.132479
   0.0160514
    0.228832
   -0.022508
   0.0277614
    0.139615
  -0.0127316
   0.0683109
  0.00515879
    0.156727
    0.208757
   0.0210261
  -0.0601382
   -0.174155
    0.087395
    0.021314
   0.0848401
    0.235438
  -0.0940884
   0.0201669
    0.141643
-9.84969e-06
   0.0853726
  -0.0361302
   0.0651242
  -0.0512071
     0.10378
   0.0804099
   0.0229832
   0.0480897
  -0.0117687
   0.0101872
   0.0614288
   0.0725502
   0.0291834
  0.00820263
   0.0166885
    0.104782
     0.15351
  0.00827717
    0.166191
    0.132571
    0.020646
