17.1329
18.4397
 16.464
15.0575
15.0364
15.0562
15.1904
15.1271
14.9685
14.8855
 15.274
 14.905
15.0273
15.0516
15.0471
15.0564
 15.057
15.1415
15.2638
15.2523
14.9658
14.9534
15.1373
14.9953
14.8658
15.1118
14.9557
15.1604
15.0883
15.0772
14.9065
15.0721
15.1688
15.1682
 15.038
15.0521
14.9758
15.0573
15.2224
15.0047
 15.196
14.9566
14.8489
15.1608
15.2246
15.1704
14.9776
14.9379
15.2541
14.9163
14.9604
15.2012
15.0019
14.9487
15.2189
14.8841
14.9641
15.0836
15.2496
14.9016
15.0219
15.1556
14.8901
14.9947
15.1063
14.9838
14.9525
14.9836
14.9818
15.1199
15.0497
14.9442
15.0275
15.2205
14.8678
15.0579
15.1615
15.1499
  15.02
15.0159
15.0196
15.0664
15.1249
 15.088
14.9672
15.0776
15.0314
15.0486
15.0456
 15.154
 14.895
15.0775
15.1015
14.9002
15.0894
15.1946
 15.211
14.9581
15.3592
15.0381
