43.4567
211.616
489.649
514.623
524.399
518.933
486.607
519.146
524.261
505.324
497.008
510.261
491.683
510.825
492.876
521.453
503.356
 483.46
489.375
  498.2
523.425
498.868
  509.5
529.591
516.136
500.429
514.245
508.267
 523.46
506.949
524.324
490.127
 512.63
488.429
527.009
493.612
515.047
 501.01
491.589
490.726
501.382
508.764
511.687
469.344
487.882
492.711
510.947
498.301
511.889
543.648
499.457
511.039
539.427
490.879
502.087
528.201
508.615
495.661
492.382
524.231
498.376
512.347
532.969
522.701
512.495
523.559
534.333
499.536
500.147
502.932
525.617
520.739
518.544
493.809
528.055
497.981
503.615
508.042
506.071
513.462
511.013
495.241
509.486
499.768
509.151
 506.99
503.076
504.423
515.616
511.296
 513.21
496.581
508.398
520.009
500.652
509.318
514.197
500.569
486.282
508.693
