 0.71329
0.843972
0.646397
0.505755
0.503636
0.505624
0.519041
0.512713
0.496848
0.488552
0.527404
0.490497
0.502734
0.505157
0.504707
0.505638
  0.5057
0.514148
0.526385
 0.52523
 0.49658
0.495338
0.513731
0.499534
 0.48658
0.511175
0.495575
0.516041
 0.50883
0.507725
0.490651
0.507206
0.516882
0.516817
0.503801
0.505211
0.497582
0.505733
0.522244
0.500472
  0.5196
0.495662
0.484888
0.516077
0.522456
0.517045
0.497758
0.493794
 0.52541
0.491632
0.496038
 0.52012
0.500191
0.494869
0.521891
0.488411
0.496413
0.508359
 0.52496
0.490163
0.502188
 0.51556
0.489008
0.499467
0.510627
0.498379
0.495248
0.498363
0.498178
0.511989
0.504968
0.494422
0.502746
 0.52205
0.486776
0.505791
0.516155
0.514987
0.501995
0.501588
0.501962
0.506637
0.512493
0.508799
0.496722
0.507765
0.503144
0.504858
0.504564
0.515401
0.489501
0.507753
0.510145
0.490024
0.508942
0.519462
0.521096
0.495814
0.535923
0.503809
