0.00661402
 0.0485368
  0.118891
  0.125519
  0.127981
  0.126602
  0.118446
  0.126638
  0.127963
  0.123226
  0.121039
  0.124461
  0.119763
  0.124566
  0.120057
  0.127235
  0.122688
  0.117668
  0.119123
  0.121344
  0.127753
  0.121587
  0.124212
  0.129295
  0.125947
  0.121939
   0.12545
  0.123896
  0.127731
  0.123586
  0.127994
  0.119361
   0.12499
   0.11891
  0.128636
  0.120241
  0.125646
  0.122099
   0.11969
  0.119528
  0.122157
  0.124072
  0.124834
  0.114116
  0.118758
  0.119985
  0.124615
  0.121448
  0.124783
  0.132847
  0.121733
  0.124582
  0.131765
  0.119581
  0.122329
  0.128974
  0.124033
  0.120748
  0.119882
  0.127972
  0.121446
  0.124922
  0.130171
  0.127565
  0.124972
  0.127783
  0.130498
  0.121747
  0.121901
  0.122566
  0.128283
  0.127084
  0.126512
  0.120248
  0.128941
  0.121337
  0.122727
  0.123842
   0.12338
  0.125238
  0.124621
  0.120647
  0.124211
  0.121779
  0.124167
  0.123596
  0.122624
  0.122958
  0.125772
  0.124659
  0.125205
  0.120981
  0.123944
  0.126912
  0.122001
  0.124152
  0.125373
  0.122013
  0.118322
  0.124034
