1.13469
1.98999
2.86659
3.53267
4.20505
4.77959
5.26383
5.75092
6.08233
6.35761
6.46186
6.42651
6.27571
6.00825
5.58777
5.06148
4.80766
4.71525
4.68099
4.73074
4.96414
5.10983
5.29758
5.40471
5.49247
5.64361
5.67937
5.61905
5.43583
5.23429
5.15778
5.20061
5.25698
5.34545
5.38622
5.38744
5.39807
5.37933
5.41202
5.48302
5.44496
5.46595
5.47638
5.50114
5.39445
5.30271
5.32388
5.30863
5.31071
5.38754
5.39932
5.38917
5.41033
5.44532
5.41389
5.30126
5.21583
5.13695
5.17049
5.16324
5.36011
5.27134
5.37893
5.35851
5.32151
5.29098
5.21729
5.26689
5.35988
5.34434
 5.3779
5.37179
5.48436
5.55867
5.61311
5.56574
5.46354
5.40694
5.38091
5.26629
5.19481
5.19081
5.22763
5.27629
 5.3134
5.39608
 5.5237
5.53834
5.58502
5.48271
5.41321
5.42408
5.42355
5.28291
5.22719
5.15253
5.20743
 5.3231
 5.3135
5.41467
