4.61707
 5.6454
 6.2065
 6.3437
6.76168
7.38271
7.55822
9.35146
12.0572
16.5873
22.1487
30.5171
39.1748
46.2966
54.4152
54.4837
44.7892
40.4517
35.0474
28.0939
25.8588
25.6186
25.9773
27.3037
29.6155
32.2658
34.3152
38.1721
39.8821
39.7123
36.5063
33.4355
29.4595
29.5718
30.2557
31.9552
32.9565
32.0921
30.8328
 33.256
33.0895
32.6774
34.5096
39.0856
40.2013
37.2267
37.5054
 33.638
33.3489
34.6399
 33.214
 32.386
32.4017
35.4221
35.8118
36.6109
36.0175
34.4607
33.5728
32.5426
32.8701
32.6156
34.7714
36.6613
35.9196
34.0999
31.2491
30.3985
32.1707
32.0038
32.7598
 29.542
27.7823
 29.115
33.1196
37.1434
37.4218
36.6615
36.3138
36.2146
35.8954
35.2472
36.4072
34.0531
28.8782
28.0253
29.4798
31.5545
36.0228
34.5385
34.0693
34.8658
35.1826
33.7522
35.1944
34.7883
32.6949
31.3092
31.6491
34.4193
