  -0.773062
  -0.602002
  -0.426682
  -0.293467
   -0.15899
 -0.0440829
  0.0527666
   0.150184
   0.216465
   0.271521
   0.292372
   0.285302
   0.255143
   0.201651
   0.117553
  0.0122963
 -0.0384681
 -0.0569509
 -0.0638013
 -0.0538525
-0.00717124
  0.0219666
  0.0595153
  0.0809421
  0.0984933
   0.128721
   0.135874
    0.12381
   0.087166
  0.0468586
  0.0315564
  0.0401226
  0.0513957
  0.0690897
  0.0772433
  0.0774872
  0.0796143
  0.0758662
  0.0824047
  0.0966039
  0.0889917
  0.0931901
  0.0952754
   0.100228
  0.0788902
  0.0605417
  0.0647754
  0.0617253
  0.0621418
  0.0775072
  0.0798638
  0.0778347
   0.082065
  0.0890635
  0.0827775
  0.0602519
  0.0431656
  0.0273906
  0.0340971
  0.0326485
  0.0720227
  0.0542685
   0.075786
  0.0717011
  0.0643011
  0.0581953
   0.043457
  0.0533789
   0.071976
  0.0688688
  0.0755807
  0.0743573
  0.0968723
   0.111735
   0.122622
   0.113149
  0.0927081
  0.0813877
  0.0761828
  0.0532574
  0.0389622
  0.0381618
  0.0455257
   0.055258
  0.0626806
  0.0792154
    0.10474
   0.107667
   0.117003
  0.0965426
  0.0826429
  0.0848152
  0.0847091
  0.0565824
  0.0454372
  0.0305051
   0.041486
  0.0646202
  0.0627005
  0.0829338
