0.00351755
0.00369234
0.00337365
0.00283943
0.00258245
0.00262942
0.00231756
 0.0036369
0.00603524
  0.010333
 0.0158453
 0.0243339
 0.0332314
 0.0406953
 0.0493207
 0.0499214
 0.0403854
 0.0360975
 0.0306731
 0.0235991
 0.0211057
  0.020716
 0.0208886
 0.0221202
 0.0243667
 0.0268911
  0.028925
 0.0328819
 0.0347942
 0.0348262
 0.0316651
 0.0285201
  0.024447
 0.0244711
 0.0251207
 0.0268361
 0.0278368
 0.0269826
 0.0256776
 0.0280536
 0.0279238
 0.0274864
 0.0293265
 0.0339237
 0.0351584
 0.0322465
 0.0325066
 0.0286155
 0.0283214
 0.0295478
 0.0280956
 0.0272695
 0.0272641
 0.0302795
 0.0307049
 0.0316259
 0.0311128
 0.0296199
 0.0286892
 0.0276559
 0.0277878
 0.0276205
 0.0296894
  0.031619
 0.0309072
 0.0290999
 0.0262948
 0.0253855
 0.0270817
 0.0269288
 0.0276585
 0.0244144
 0.0225231
 0.0237943
 0.0277843
 0.0318966
 0.0322811
 0.0315703
 0.0312453
 0.0312609
 0.0310107
   0.03036
 0.0314945
 0.0290675
 0.0238028
 0.0228578
 0.0241981
 0.0262789
 0.0307452
 0.0293492
 0.0289455
 0.0297392
 0.0300597
 0.0287569
 0.0302699
 0.0299351
 0.0277651
 0.0262486
 0.0266016
 0.0292976
