1.65032
3.07422
4.06276
4.87978
5.61631
6.29543
6.64879
6.82239
6.85152
6.76661
6.40618
5.97144
5.43435
4.98393
 4.8624
5.03027
5.37538
 5.5605
5.79609
5.79211
 5.8236
5.69196
5.46566
5.41185
 5.2861
5.42619
 5.4883
5.45697
 5.4965
5.53779
5.57895
5.57345
5.47212
5.44908
5.39388
5.41099
5.49528
5.52356
5.57808
5.71398
5.71763
5.61185
5.61834
5.62748
5.51599
5.40813
5.48457
5.48316
5.45373
5.40884
5.34357
5.32496
5.33952
5.33436
5.47066
5.66644
5.76027
5.74364
5.77106
5.71054
5.64692
 5.4109
5.37095
5.40078
5.47126
5.56254
  5.606
5.52999
5.53213
5.34688
 5.3666
5.29544
5.27933
5.49974
5.59744
5.68318
 5.6531
5.52471
5.41422
 5.3329
5.23953
5.34301
5.54742
5.55319
5.45686
5.47403
5.44245
  5.388
5.47592
5.53648
5.58203
5.62152
5.66757
5.52137
5.40949
5.38376
5.45123
5.39071
5.46683
5.38911
