4.96459
6.28615
7.10077
7.71412
9.64381
 12.688
17.0536
24.0353
31.1917
41.7572
58.7973
71.9235
71.3135
58.3174
45.4215
34.5966
30.1805
32.7404
35.1632
38.7041
45.1335
48.4701
49.4981
48.6599
 46.554
44.7881
42.4896
 44.673
43.7836
44.9482
45.4338
46.8097
48.5362
45.5842
42.1471
40.1123
40.8606
40.7078
 40.892
40.0819
 46.138
45.3761
47.2188
49.4634
51.5317
48.3281
47.4939
 48.648
50.7146
49.5102
48.9719
47.4646
47.4572
46.7506
38.5638
38.1512
40.8401
43.8466
 44.475
46.8481
49.3715
51.5442
46.7068
46.3201
45.3825
43.7837
 47.034
48.7856
 48.259
49.6768
46.1684
45.4673
41.7086
38.0153
38.4693
42.3312
45.6317
48.2166
51.0876
49.0998
45.0444
41.8077
41.2661
 44.237
48.5359
48.2485
48.2485
44.2452
43.0748
44.2236
44.0076
44.3628
47.8802
50.1613
49.1245
48.1682
47.1893
44.2915
46.1298
42.8869
