  -0.669937
  -0.385157
  -0.187448
 -0.0240441
   0.123261
   0.259086
   0.329758
   0.364479
   0.370305
   0.353321
   0.281237
   0.194288
   0.086871
-0.00321468
 -0.0275197
  0.0060535
   0.075077
   0.112101
   0.159218
   0.158423
   0.164721
   0.138393
  0.0931311
  0.0823697
  0.0572198
  0.0852371
  0.0976595
  0.0913945
  0.0993007
   0.107558
    0.11579
   0.114689
  0.0944243
   0.089816
  0.0787757
  0.0821974
  0.0990562
   0.104713
   0.115616
   0.142797
   0.143526
   0.122369
   0.123669
   0.125495
   0.103199
   0.081627
  0.0969137
  0.0966325
  0.0907462
  0.0817671
  0.0687138
  0.0649917
  0.0679045
   0.066872
  0.0941311
   0.133289
   0.152053
   0.148729
   0.154211
   0.142107
   0.129384
  0.0821797
  0.0741908
  0.0801555
  0.0942522
   0.112508
     0.1212
   0.105998
   0.106426
  0.0693765
    0.07332
  0.0590887
  0.0558668
   0.099948
   0.119488
   0.136636
    0.13062
   0.104943
  0.0828445
  0.0665799
  0.0479056
  0.0686028
   0.109484
   0.110638
  0.0913715
  0.0948062
  0.0884893
  0.0776008
  0.0951831
   0.107297
   0.116405
   0.124305
   0.133514
   0.104274
  0.0818971
  0.0767522
  0.0902451
  0.0781415
  0.0933654
  0.0778226
