0.00334775
0.00324437
0.00306869
0.00286297
0.00406818
0.00645718
 0.0105099
 0.0173868
 0.0245861
 0.0353441
 0.0529203
 0.0666182
 0.0665446
 0.0538722
 0.0409688
  0.029865
 0.0250556
 0.0274545
 0.0296638
 0.0332444
  0.039707
 0.0432102
 0.0444772
 0.0436849
 0.0416847
 0.0397595
 0.0373751
 0.0396121
 0.0386739
 0.0398085
 0.0402574
 0.0416528
  0.043499
 0.0405405
 0.0371245
 0.0350518
 0.0357225
 0.0355396
 0.0356706
 0.0347151
 0.0408286
 0.0401659
 0.0420206
 0.0442787
 0.0464806
 0.0433535
 0.0424337
 0.0436008
 0.0457181
 0.0445468
  0.044069
 0.0425653
 0.0425431
 0.0418346
 0.0334275
 0.0328129
 0.0354342
 0.0384878
 0.0390949
 0.0415531
 0.0441662
 0.0465993
 0.0417534
 0.0413326
 0.0403143
 0.0386072
 0.0418465
 0.0436925
 0.0431584
 0.0447777
 0.0412139
 0.0405776
 0.0367972
  0.032844
 0.0332039
 0.0370182
 0.0403824
 0.0431231
 0.0461347
  0.044209
 0.0402069
  0.036833
 0.0360795
 0.0390746
 0.0435142
 0.0432065
 0.0432384
 0.0392497
 0.0379786
 0.0390779
 0.0388137
 0.0391326
  0.042639
 0.0450908
 0.0441565
 0.0432166
 0.0421597
 0.0392937
 0.0410737
 0.0378765
