           -0
           -0
-3.50787e-322
           -0
-3.45846e-322
           -0
-3.40905e-322
           -0
-3.35965e-322
           -0
-3.31024e-322
           -0
-3.26083e-322
           -0
-3.21143e-322
           -0
-3.16202e-322
           -0
-3.11261e-322
           -0
-3.06321e-322
           -0
 -3.0138e-322
           -0
-2.96439e-322
           -0
-2.91499e-322
           -0
-2.86558e-322
           -0
-2.81617e-322
           -0
-2.76677e-322
           -0
-2.71736e-322
           -0
-2.66795e-322
           -0
-2.61855e-322
           -0
-2.56914e-322
           -0
-2.51973e-322
           -0
-2.47033e-322
           -0
-2.42092e-322
           -0
-2.37152e-322
           -0
-2.32211e-322
           -0
 -2.2727e-322
           -0
 -2.2233e-322
           -0
-2.17389e-322
           -0
-2.12448e-322
           -0
-2.07508e-322
           -0
-2.02567e-322
           -0
-1.97626e-322
           -0
-1.92686e-322
           -0
-1.87745e-322
           -0
-1.82804e-322
           -0
-1.77864e-322
           -0
-1.72923e-322
           -0
-1.67982e-322
           -0
-1.63042e-322
           -0
-1.58101e-322
           -0
 -1.5316e-322
           -0
 -1.4822e-322
           -0
-1.43279e-322
           -0
-1.38338e-322
           -0
-1.33398e-322
           -0
-1.28457e-322
           -0
-1.23516e-322
           -0
-1.18576e-322
           -0
-1.13635e-322
           -0
