1.44364
2.70757
3.71122
4.59691
5.29982
5.90959
6.40516
6.79426
6.83927
6.54665
 6.2051
 5.6261
5.05192
4.75335
4.67079
4.78688
5.08104
5.33532
5.59042
5.75676
5.82683
5.81444
 5.7216
5.51213
5.32777
5.39895
5.49539
5.50032
5.54546
5.55543
5.42307
5.29304
5.29651
5.29208
5.36504
5.41807
5.52412
5.63683
5.61287
5.60384
5.52523
5.37286
5.26404
5.30956
5.25759
5.38086
5.41584
5.50171
5.58079
5.56191
 5.4545
5.42626
5.47233
5.38322
5.41294
5.55477
5.55084
5.36508
5.28114
5.29054
5.33086
5.26685
5.28231
5.37514
5.46484
5.55516
5.60706
5.63924
5.64917
5.61112
 5.5895
5.35277
5.19927
5.18505
5.23793
5.26043
5.36575
5.49293
 5.7658
5.77225
5.75235
5.54823
5.38987
5.30945
5.17965
5.18559
5.28736
5.47693
5.54097
5.45416
5.47731
5.46403
5.44274
5.46428
5.50679
5.41162
5.47686
5.48511
5.45823
5.38765
