4.59682
 6.0464
6.38098
7.04873
7.97801
9.63269
12.1424
18.5863
 31.745
48.5059
62.4346
70.2356
65.0804
54.0012
43.3285
34.1898
29.0453
26.4498
28.0088
30.3461
36.9107
41.5694
45.2989
48.2498
44.5038
 40.532
41.6203
41.2789
42.3449
44.1694
49.2827
 46.722
45.5527
 42.321
41.7732
38.5228
37.6807
38.9114
40.9989
 44.744
47.0968
43.9847
44.7753
42.3891
 40.074
38.1767
 36.626
39.3181
41.5295
43.9032
42.7469
41.0292
42.0909
43.0061
41.5603
41.8064
43.5908
46.8928
44.1173
43.2088
42.4035
 41.247
38.6526
36.3639
36.8542
36.3056
36.3008
39.0152
43.2752
46.3434
48.3983
49.0663
 43.367
40.8305
39.4715
37.5556
34.6702
34.4412
36.2977
39.4888
45.2077
47.4019
46.6392
44.5891
42.1879
 39.509
38.6004
39.0128
37.8525
39.0362
39.7851
38.5598
38.2994
40.8131
40.9572
41.0662
39.8451
40.5103
44.9199
40.7304
