 -0.711272
 -0.458485
 -0.257755
-0.0806182
 0.0599631
  0.181919
  0.281031
  0.358852
  0.367854
   0.30933
   0.24102
  0.125219
 0.0103842
-0.0493296
-0.0658428
-0.0426231
  0.016208
 0.0670644
  0.118085
  0.151352
  0.165365
  0.162888
  0.144321
  0.102426
  0.065553
 0.0797903
 0.0990773
  0.100064
  0.109092
  0.111086
 0.0846141
 0.0586084
 0.0593018
 0.0584154
 0.0730073
 0.0836132
  0.104825
  0.127367
  0.122574
  0.120768
  0.105046
 0.0745715
 0.0528072
 0.0619119
  0.051518
 0.0761728
 0.0831676
  0.100341
  0.116157
  0.112382
 0.0908998
 0.0852526
 0.0944667
 0.0766436
 0.0825878
  0.110955
  0.110169
 0.0730154
 0.0562277
 0.0581073
 0.0661718
 0.0533698
 0.0564628
 0.0750271
 0.0929689
  0.111032
  0.121412
  0.127848
  0.129833
  0.122225
    0.1179
 0.0705536
 0.0398544
 0.0370108
 0.0475861
 0.0520851
 0.0731495
 0.0985859
  0.153159
   0.15445
   0.15047
  0.109645
 0.0779747
 0.0618891
 0.0359294
 0.0371185
 0.0574717
 0.0953859
  0.108195
 0.0908311
 0.0954614
 0.0928054
 0.0885471
 0.0928563
  0.101359
 0.0823243
 0.0953727
 0.0970216
  0.091645
 0.0775296
