0.00318503
0.00337255
0.00269672
0.00247659
0.00270525
 0.0037607
0.00579516
 0.0119112
 0.0251573
 0.0423831
 0.0567975
 0.0652621
 0.0606348
 0.0497453
 0.0390482
 0.0296999
 0.0242064
 0.0213277
 0.0226448
 0.0248377
 0.0313979
 0.0361161
 0.0399771
 0.0431694
 0.0395718
 0.0354879
 0.0364898
 0.0361399
 0.0371711
  0.039004
 0.0443027
 0.0418475
 0.0406628
 0.0374029
 0.0367759
 0.0334391
 0.0324813
 0.0336107
 0.0357435
 0.0395355
 0.0419915
 0.0390019
 0.0399104
  0.037454
 0.0351681
 0.0331271
 0.0315255
  0.034158
 0.0363119
 0.0387285
 0.0376691
 0.0359625
 0.0369884
 0.0380029
 0.0365125
 0.0366178
 0.0384242
 0.0419472
 0.0392284
 0.0383013
 0.0374471
 0.0363436
 0.0337074
 0.0313018
 0.0317064
  0.031061
 0.0310038
 0.0337131
 0.0380061
 0.0411437
 0.0432412
 0.0441551
 0.0385533
 0.0360055
 0.0345794
 0.0326214
 0.0296005
 0.0292406
 0.0308403
 0.0340572
 0.0398539
 0.0422765
  0.041666
 0.0396764
 0.0373821
 0.0346701
 0.0336495
 0.0338746
 0.0326379
 0.0339212
 0.0346543
 0.0334301
 0.0331886
 0.0357059
 0.0358085
 0.0360148
 0.0347154
  0.035379
 0.0398603
 0.0356997
