3.62721
4.95551
5.78751
6.69685
5.71259
 5.8867
6.25064
6.50251
7.08216
7.86566
 8.8776
10.0199
11.9225
16.2817
20.4065
25.0893
30.5081
36.7492
38.8505
39.0294
38.3385
33.2153
28.8807
 25.992
22.9713
19.9957
17.5286
17.0287
 16.483
17.0611
18.6766
20.8789
22.3148
 23.822
24.9463
26.9311
28.8346
28.0641
28.4037
27.8737
26.5249
24.7479
23.4178
21.8029
22.6643
22.6624
23.9334
24.6847
24.5135
 22.688
21.2503
23.1776
23.3207
24.9692
26.3399
25.9167
23.7386
24.9873
 24.719
25.0044
24.6983
23.9389
25.7956
27.4128
25.9098
24.6886
24.2169
24.5125
24.7567
23.2391
22.6252
22.2395
22.7039
25.0123
24.3237
26.2718
 27.666
27.0899
26.0619
25.0061
23.1265
20.4112
20.6852
19.2695
19.7021
21.0821
23.7308
 24.773
27.5571
29.5445
30.0684
28.0449
25.5034
 23.743
 23.109
20.9872
20.0362
 19.646
20.2265
20.5143
