0.833551
 1.53625
 2.12816
 2.66547
 3.12854
 3.65627
 4.07208
 4.48061
 4.86281
 5.22847
 5.52577
 5.77912
  5.9502
 6.06481
 6.16979
 6.16242
  6.0476
 5.74354
 5.47674
 5.22897
 4.90915
 4.74676
 4.57304
 4.55991
 4.63181
 4.71387
 4.80531
 4.96958
 5.11807
 5.25772
 5.39133
 5.44524
 5.48524
 5.53042
 5.45179
 5.40245
 5.28559
 5.22592
 5.17332
 5.16989
 5.12138
 5.04658
 5.05002
 5.08475
 5.13041
 5.19224
  5.2457
 5.26704
 5.17941
 5.18915
  5.2767
 5.27362
  5.2645
  5.2532
 5.14217
 5.14502
 5.15079
 5.18577
 5.20215
 5.21137
 5.20973
 5.24014
 5.33217
 5.25382
 5.13202
 5.13121
 5.13139
 5.12601
 5.10246
 5.11965
 5.15436
 5.17631
 5.26664
 5.24146
 5.24653
 5.29673
 5.26307
 5.13586
 5.11913
 5.08614
 5.07912
 5.11624
 5.22048
  5.2492
 5.33501
  5.4484
 5.47665
 5.44256
 5.36896
 5.30559
 5.10513
  4.9919
 4.99916
 5.00069
 4.95299
 5.00729
 5.07146
 5.16859
 5.23798
 5.23394
