    -0.83329
    -0.69275
   -0.574368
   -0.466907
   -0.374291
   -0.268747
   -0.185584
   -0.103878
  -0.0274376
   0.0456947
    0.105154
    0.155824
    0.190041
    0.212962
    0.233958
    0.232484
    0.209521
    0.148709
   0.0953474
   0.0457932
  -0.0181706
  -0.0506488
  -0.0853925
   -0.088017
  -0.0736385
  -0.0572258
  -0.0389387
 -0.00608408
   0.0236149
   0.0515431
   0.0782654
   0.0890487
    0.097047
    0.106084
   0.0903589
   0.0804896
   0.0571173
   0.0451849
   0.0346643
   0.0339784
   0.0242764
    0.009316
   0.0100046
   0.0169496
   0.0260827
   0.0384475
   0.0491393
   0.0534085
    0.035882
   0.0378304
   0.0553392
   0.0547243
   0.0528995
   0.0506399
   0.0284334
   0.0290043
   0.0301586
   0.0371547
    0.040431
   0.0422739
   0.0419465
    0.048029
   0.0664331
   0.0507636
   0.0264033
   0.0262422
    0.026278
   0.0252013
   0.0204919
   0.0239307
   0.0308728
    0.035263
   0.0533272
   0.0482913
   0.0493051
   0.0593456
   0.0526143
   0.0271711
   0.0238264
   0.0172271
   0.0158244
   0.0232474
   0.0440953
   0.0498392
   0.0670025
   0.0896791
   0.0953307
   0.0885112
   0.0737912
   0.0611179
   0.0210257
 -0.00161925
-0.000167129
 0.000138153
 -0.00940267
  0.00145841
   0.0142926
   0.0337182
   0.0475965
   0.0467876
