0.00282188
 0.0034538
0.00369631
0.00407211
0.00261015
0.00225296
0.00220056
0.00204232
0.00224177
0.00266383
0.00338569
 0.0042836
0.00603266
 0.0103201
 0.0143805
  0.019118
 0.0247075
 0.0313188
 0.0337109
 0.0341418
  0.033767
 0.0287561
 0.0245532
 0.0216485
 0.0185247
 0.0154362
 0.0128518
 0.0121809
 0.0114798
 0.0119227
 0.0134195
 0.0155895
 0.0169995
 0.0184763
 0.0196914
 0.0217462
 0.0237868
 0.0230689
 0.0234651
 0.0229331
 0.0216197
 0.0199003
 0.0185533
  0.016887
  0.017711
 0.0176467
 0.0188765
 0.0196138
 0.0195293
 0.0176756
  0.016135
 0.0180849
 0.0182385
 0.0199151
 0.0214119
 0.0209815
 0.0187756
 0.0200015
  0.019714
 0.0199929
 0.0196854
 0.0188877
 0.0206702
 0.0223829
 0.0209877
  0.019755
 0.0192783
 0.0195824
 0.0198527
 0.0183024
 0.0176473
 0.0172355
 0.0176134
 0.0199706
 0.0192699
 0.0211869
 0.0226292
 0.0221758
 0.0211543
 0.0201212
 0.0182297
 0.0154494
 0.0156209
 0.0141619
 0.0145122
 0.0157916
 0.0184386
 0.0195257
 0.0224123
 0.0244838
 0.0252155
 0.0232859
 0.0207113
 0.0189316
 0.0183394
 0.0161413
 0.0151159
 0.0146237
 0.0151399
 0.0154347
