4.45907
 6.1839
6.46376
  7.878
10.9787
14.9167
22.5751
34.3144
52.8539
73.9267
89.6087
79.3705
65.0903
 50.361
38.1924
34.2748
37.4274
43.5293
50.8055
52.7408
60.9678
67.4325
64.0316
58.1883
52.3316
47.6599
 42.719
45.6892
48.0601
46.3614
43.6311
47.0909
51.1751
51.8215
52.0045
51.5973
 47.417
47.0863
43.4946
44.6086
53.3116
55.7283
55.5634
55.5548
50.7039
45.6978
42.5594
43.8333
 46.261
52.5653
54.2285
51.0248
51.2032
55.5143
58.8477
57.8937
52.6393
45.9927
40.5356
45.0749
 48.816
49.8221
49.8954
49.7463
50.7751
51.4498
48.6686
46.7899
49.2201
49.8991
51.6557
49.7982
49.0317
 50.043
49.7095
49.9348
50.3706
52.1701
48.5711
47.8694
46.2779
47.4428
52.9849
49.2535
54.4501
 54.239
49.9993
 45.163
44.4377
49.6655
52.8267
48.1981
47.5146
50.8991
54.4842
52.0327
47.9652
46.4261
  44.63
45.9788
