1.85697
3.17327
4.39679
5.33212
6.02732
6.61119
6.94254
 7.0619
 6.9396
6.42606
 5.6638
5.01053
4.70428
4.84227
5.06008
5.48504
5.77806
5.96321
6.00336
5.91549
5.82564
5.52813
5.25051
5.19144
5.24016
5.25757
 5.4207
5.53656
5.64081
5.57228
 5.5838
5.71271
5.62307
5.38635
5.51616
5.42784
5.49986
5.51075
5.59975
5.71361
5.77391
5.61813
 5.5285
5.41957
5.35315
5.35311
5.55336
5.71592
5.75515
5.70803
5.58883
5.56268
5.62652
5.47571
5.53579
5.38332
5.29494
 5.4318
5.55664
5.73948
5.70304
5.65839
5.63821
 5.5608
  5.531
5.52197
5.57099
5.65484
 5.6792
5.50775
5.44776
5.53197
5.57402
5.64605
5.58965
5.61779
5.66977
5.59051
5.48872
5.47301
5.54583
5.61023
 5.5904
5.61211
5.54997
5.42552
 5.3612
5.39702
5.57043
5.68948
5.65446
5.55824
5.48279
5.47282
5.47842
5.45849
5.42736
5.47315
5.54389
5.62335
