 -0.628607
 -0.365346
 -0.120641
 0.0664244
  0.205464
  0.322238
  0.388507
   0.41238
  0.387921
  0.285213
  0.132761
0.00210507
-0.0591446
-0.0315459
 0.0120155
 0.0970079
  0.155612
  0.192641
  0.200672
  0.183097
  0.165127
  0.105625
 0.0501011
 0.0382882
 0.0480329
 0.0515149
 0.0841402
  0.107312
  0.128162
  0.114455
  0.116759
  0.142542
  0.124615
 0.0772693
  0.103232
 0.0855675
 0.0999727
   0.10215
   0.11995
  0.142722
  0.154782
  0.123625
  0.105699
 0.0839135
 0.0706306
 0.0706228
  0.110671
  0.143183
  0.151029
  0.141606
  0.117765
  0.112536
  0.125303
 0.0951417
  0.107159
 0.0766643
 0.0589888
  0.086359
  0.111328
  0.147895
  0.140608
  0.131678
  0.127643
   0.11216
  0.106201
  0.104394
  0.114197
  0.130968
   0.13584
  0.101551
 0.0895519
  0.106395
  0.114803
  0.129211
  0.117929
  0.123558
  0.133954
  0.118101
 0.0977439
  0.094602
  0.109167
  0.122046
  0.118081
  0.122421
  0.109994
 0.0851032
  0.072241
 0.0794031
  0.114085
  0.137896
  0.130892
  0.111648
 0.0965577
 0.0945633
 0.0956843
  0.091697
 0.0854723
   0.09463
  0.108779
  0.124671
