0.00262839
0.00304104
0.00208784
0.00257159
0.00500141
0.00838935
 0.0157905
 0.0275278
 0.0463781
 0.0681824
 0.0847928
 0.0751111
 0.0609959
 0.0459785
  0.033467
 0.0290806
  0.031969
 0.0379456
 0.0452547
 0.0472983
 0.0556991
 0.0625297
 0.0593748
 0.0535322
 0.0475672
 0.0428306
 0.0376751
 0.0405582
 0.0428478
 0.0412011
 0.0384316
 0.0417961
 0.0460121
 0.0469042
  0.046958
 0.0466358
 0.0423405
 0.0419955
 0.0382777
 0.0392879
 0.0480178
 0.0506163
 0.0505403
 0.0506417
 0.0458089
 0.0407522
 0.0373799
 0.0385024
  0.040915
 0.0473305
 0.0491309
 0.0459214
  0.046037
  0.050544
 0.0538504
 0.0530408
 0.0478226
 0.0409706
 0.0353323
 0.0397327
 0.0435485
 0.0446098
 0.0447042
 0.0446318
 0.0457011
 0.0463917
  0.043533
 0.0415505
 0.0439807
 0.0448398
 0.0466746
 0.0447134
 0.0438967
 0.0448454
 0.0445656
 0.0447647
 0.0451524
 0.0470501
 0.0435175
 0.0428246
 0.0411435
 0.0422551
 0.0478732
 0.0440822
 0.0493941
 0.0493065
 0.0450889
 0.0401677
 0.0392598
 0.0444203
 0.0476487
 0.0430705
 0.0424564
 0.0458851
 0.0495007
 0.0470447
 0.0429675
 0.0413667
 0.0394809
 0.0407631
