0.197117
0.191294
0.210134
0.287992
0.120317
0.149979
0.185831
0.201466
0.181529
0.238266
0.247216
 0.25314
 0.21663
0.220896
0.155449
0.342615
0.247828
0.272527
0.157697
0.204567
0.189996
0.133933
0.211832
0.263041
0.150389
0.175561
0.173401
0.278471
0.220745
0.223036
 0.16493
0.190353
0.198478
0.261469
0.236997
0.256213
0.240865
0.188935
0.178893
 0.23959
0.206575
0.191048
0.270983
 0.31748
0.227953
0.203507
0.281651
0.299623
0.225241
0.132409
0.234253
0.182633
0.183681
0.204636
0.174037
0.127505
0.159283
0.208896
0.225881
0.265057
0.157962
0.295527
 0.16531
0.158607
0.209298
0.227528
0.235061
0.240315
0.157053
0.291505
0.210697
0.135044
0.214595
0.214836
0.294526
0.215412
0.159866
0.212365
0.165992
0.283085
0.228925
0.144722
 0.13439
0.254508
 0.14101
0.145384
0.107251
0.287874
0.234838
0.162995
0.269588
0.187323
 0.18142
0.279619
0.193911
0.174484
0.290506
0.249465
0.219579
0.151962
