   0.113699
   0.077316
   0.269699
   0.225414
  0.0765468
   0.058277
  0.0657645
   0.381157
   0.120806
   0.301024
   0.159471
    0.33935
  0.0896158
   0.179703
  0.0608096
   0.202852
   0.158025
   0.139634
  0.0654464
   0.116691
   0.173821
  0.0447846
    0.10165
   0.352438
   0.109725
   0.211076
  0.0748925
   0.371191
   0.148798
    0.11616
   0.107167
  0.0606758
   0.103181
   0.355766
   0.105672
   0.157121
   0.147833
   0.102201
   0.104392
   0.153912
  0.0732083
  0.0701034
   0.156977
   0.217602
   0.101595
   0.059953
   0.159328
   0.184061
  0.0955403
  0.0415782
   0.198679
   0.135409
   0.077615
  0.0685767
  0.0818702
-0.00652582
  0.0184656
  0.0768309
   0.104231
    0.25631
  0.0516461
   0.172398
   0.034905
   0.296632
  0.0694459
    0.14301
   0.146841
   0.112102
  0.0958987
   0.174907
   0.101342
   0.200866
   0.158848
  0.0975444
   0.375456
  0.0852834
  0.0906658
   0.144022
   0.272291
   0.175093
   0.223912
  0.0181717
  0.0135973
   0.133532
   0.022012
 0.00916947
 -0.0148239
   0.270975
   0.128617
   0.246262
   0.189288
  0.0777254
   0.211781
   0.254526
  0.0796547
  0.0383965
   0.175448
   0.143993
   0.139988
  0.0246623
