    0.314116
    0.275291
     0.40089
    0.919944
   -0.197886
-0.000142804
    0.238873
    0.343104
    0.210194
     0.58844
    0.648105
    0.687598
    0.444202
     0.47264
   0.0363262
      1.2841
    0.652189
    0.816847
   0.0513132
    0.363777
    0.266637
   -0.107111
    0.412214
    0.753605
  0.00259317
    0.170404
    0.156004
    0.856473
    0.471634
    0.486907
   0.0995363
     0.26902
    0.323188
    0.743124
    0.579978
    0.708087
    0.605769
    0.259567
    0.192622
    0.597265
    0.377168
     0.27365
    0.806552
     1.11654
    0.519685
    0.356712
    0.877671
    0.997484
    0.501608
   -0.117276
    0.561685
    0.217556
    0.224538
    0.364239
    0.160248
   -0.149967
   0.0618858
    0.392638
    0.505875
     0.76705
   0.0530808
    0.970181
    0.102066
   0.0573773
    0.395323
    0.516851
    0.567072
    0.602098
   0.0470169
    0.943368
    0.404644
  -0.0997074
    0.430631
    0.432237
    0.963509
    0.436077
   0.0657754
    0.415767
    0.106615
    0.887235
    0.526168
  -0.0351887
   -0.104067
    0.696718
  -0.0599304
   -0.030773
   -0.284994
    0.919162
    0.565584
   0.0866362
    0.797251
    0.248823
    0.209468
    0.864127
    0.292741
    0.163226
    0.936707
    0.663097
    0.463857
   0.0130802
