 0.600935
 0.377795
  1.59755
  1.04279
 0.609255
 0.388585
 0.318993
  2.36949
 0.700275
  1.71261
 0.739087
  1.91853
 0.375338
 0.961701
 0.387234
 0.710294
 0.727408
 0.522471
 0.410653
  0.59605
  1.02549
 0.352119
 0.471557
  1.97279
 0.730204
  1.32197
 0.421281
  2.04637
 0.756169
 0.530948
 0.664678
 0.269996
 0.526276
  2.00021
 0.414492
 0.693429
 0.682671
 0.551556
 0.599638
 0.727449
 0.299471
 0.330531
 0.643234
  0.89241
 0.417457
  0.22133
 0.623349
  0.72833
 0.386131
 0.335826
  1.04368
 0.793948
 0.405164
 0.275058
 0.465677
0.0314779
 0.092161
 0.315887
 0.441933
  1.32521
 0.317767
 0.664232
 0.181667
  1.94886
 0.265311
 0.694975
 0.695403
 0.446296
 0.615816
 0.694363
 0.473289
  1.38896
 0.843671
 0.434178
  2.02128
 0.350517
 0.571551
 0.752263
  1.76197
 0.723667
  1.22966
 0.138739
 0.142682
 0.541853
 0.176712
0.0765163
 0.043671
  1.34692
 0.574652
  1.59843
 0.863294
 0.393758
  1.30714
  1.26478
 0.384661
 0.174363
 0.701301
 0.628406
 0.701322
 0.157875
