0.985035
0.983081
0.978442
 1.01177
 1.01198
 1.03692
 1.00219
0.976269
 1.01897
 1.00235
 1.00921
 1.01556
 1.00693
 1.01945
 1.02324
 1.03344
0.990621
0.979256
 1.06242
 1.02648
 1.00882
0.995709
 1.05026
 1.02818
 1.01088
 1.05678
 1.05319
 1.02628
0.992659
 1.00511
0.956609
0.990613
  1.0115
0.992552
 1.03389
 1.02835
0.969503
0.963814
0.944602
 1.00862
 1.03837
 1.04256
 1.03239
   1.015
 1.01354
0.956715
 1.04029
0.987285
 1.02881
0.988072
0.986652
0.996881
 1.01447
 1.05326
0.982634
0.942515
 1.04271
0.982415
0.959168
 0.98565
0.979338
 1.00609
0.971542
 0.98584
 1.00521
0.986615
 1.00627
 1.01197
  1.0319
0.994703
0.991702
0.964418
 1.04776
 1.00081
0.999117
0.970013
 1.00623
0.952334
0.992558
  0.9774
0.983881
0.994714
0.998406
0.985549
 1.02034
 1.03645
0.976507
0.960903
0.987101
 0.97512
 1.01713
 1.05919
0.988203
0.976754
0.999082
0.990391
 1.03568
 1.02344
 1.00115
0.971161
