  -0.0128708
  -0.0142404
 -0.00967438
   0.0159518
    0.038651
   0.0387936
  0.00527517
  -0.0193939
   0.0230061
  0.00789069
   0.0136974
   0.0171339
  0.00807753
   0.0212348
   0.0245294
   0.0418985
 -0.00254585
  -0.0177707
   0.0710232
   0.0289426
   0.0114494
 -0.00105776
   0.0524922
   0.0320303
   0.0166348
   0.0701487
   0.0576568
   0.0300587
  -0.0046678
  0.00862941
  -0.0389349
 -0.00266064
    0.019078
 -0.00267495
   0.0400364
   0.0318364
  -0.0267456
  -0.0317495
  -0.0506915
   0.0155132
   0.0420063
    0.052838
   0.0405982
    0.016687
   0.0183012
  -0.0384397
   0.0450214
 -0.00841474
   0.0335805
  -0.0029407
   -0.011337
-0.000938479
   0.0189925
   0.0578555
  -0.0147525
  -0.0538354
   0.0514034
  -0.0121911
   -0.038498
   -0.012675
  -0.0141189
    0.013342
  -0.0232407
  -0.0120722
   0.0157536
  -0.0122805
   0.0291268
   0.0172503
   0.0351884
  0.00329084
 -0.00295951
  -0.0345083
   0.0498943
  0.00506721
   0.0223683
  -0.0202269
  0.00958321
  -0.0434995
 -0.00554834
  -0.0120863
 -0.00961414
 -0.00427282
  0.00647177
 -0.00457425
   0.0252363
   0.0448589
   -0.020835
  -0.0374085
  -0.0107623
 -0.00909989
   0.0243636
   0.0666477
  -0.0102919
 -0.00662996
   0.0184578
 -0.00361069
   0.0444347
   0.0278187
   0.0133937
  -0.0244613
