   -0.014965
  -0.0169185
  -0.0215575
   0.0117719
   0.0119846
   0.0369225
  0.00219247
  -0.0237312
   0.0189673
  0.00234864
  0.00921299
   0.0155571
  0.00692963
    0.019453
   0.0232374
   0.0334404
 -0.00937862
  -0.0207438
   0.0624246
   0.0264799
   0.0088152
 -0.00429061
   0.0502571
    0.028179
    0.010878
    0.056781
    0.053187
   0.0262756
 -0.00734105
  0.00511285
  -0.0433907
 -0.00938731
   0.0114973
 -0.00744843
   0.0338949
   0.0283503
  -0.0304969
  -0.0361857
  -0.0553978
  0.00862208
   0.0383687
   0.0425584
   0.0323851
    0.014998
   0.0135417
  -0.0432849
   0.0402926
  -0.0127153
   0.0288129
  -0.0119281
  -0.0133476
 -0.00311851
   0.0144688
   0.0532595
  -0.0173663
  -0.0574852
   0.0427073
  -0.0175852
  -0.0408323
    -0.01435
  -0.0206618
  0.00609259
  -0.0284578
  -0.0141601
  0.00521166
  -0.0133853
  0.00627498
   0.0119676
   0.0318985
 -0.00529686
 -0.00829806
  -0.0355823
   0.0477557
 0.000806334
-0.000883209
  -0.0299868
  0.00623107
  -0.0476662
 -0.00744196
  -0.0226001
  -0.0161186
 -0.00528624
 -0.00159422
  -0.0144509
   0.0203435
   0.0364517
  -0.0234927
  -0.0390975
  -0.0128992
  -0.0248803
   0.0171296
   0.0591923
  -0.0117966
  -0.0232463
-0.000917885
 -0.00960948
   0.0356826
   0.0234353
  0.00115239
  -0.0288389
