-0.000567188
-0.000608542
 0.000116249
  0.00105956
  0.00343776
  0.00214025
 0.000439888
-0.000792453
  0.00142342
 0.000706986
  0.00095694
  0.00098477
 0.000485549
  0.00121141
  0.00135902
  0.00265035
 0.000225627
-0.000778818
  0.00419062
  0.00165291
  0.00074124
 0.000114478
  0.00288038
  0.00188851
  0.00117851
   0.0043956
  0.00326982
  0.00178115
-0.000104977
 0.000639262
 -0.00181469
 0.000214002
  0.00140309
 0.000110449
  0.00243041
  0.00185909
 -0.00121023
 -0.00143755
 -0.00242027
  0.00117918
  0.00240232
  0.00332198
  0.00256902
 0.000967163
  0.00121372
 -0.00176814
  0.00261843
-0.000216534
  0.00201832
 0.000318245
-0.000490862
 6.53451e-05
   0.0012377
  0.00328692
-0.000638875
 -0.00264135
  0.00316313
-0.000357739
 -0.00190335
 -0.00057895
-0.000398735
  0.00108376
-0.000948615
-0.000525485
  0.00138397
-0.000588201
  0.00273572
  0.00118595
  0.00202517
 0.000625186
 0.000125212
  -0.0017597
  0.00273857
 0.000490952
  0.00240105
  -0.0005509
 0.000680808
 -0.00207015
-0.000192354
-8.27668e-05
-0.000163669
-0.000171548
 0.000765145
 0.000279072
  0.00158574
  0.00280348
-0.000956697
 -0.00187998
 -0.00045397
 0.000351608
  0.00166303
  0.00390017
-0.000462482
 0.000525598
  0.00199124
 0.000125689
   0.0027993
  0.00169484
  0.00134921
 -0.00105704
