0.143226
0.133763
0.182922
 0.19832
0.181973
0.130829
0.172589
0.171075
0.174218
0.129811
0.167989
0.153904
0.151598
0.172937
0.176565
0.143418
0.163067
0.164059
0.135716
0.158442
0.147573
0.167732
0.129777
0.167896
0.145589
 0.15176
 0.16652
0.161268
0.138486
0.147653
0.144678
0.133802
0.176341
0.144828
0.140939
0.144485
0.161611
0.136075
0.158478
0.151123
0.151968
0.118952
0.172916
0.164324
0.153593
0.160112
0.144941
0.115611
0.143694
0.147761
0.155181
0.148904
0.156505
0.164732
0.132193
0.138724
0.151784
0.123748
0.160314
0.141561
0.173662
0.151531
0.161453
0.154382
0.150096
0.138593
0.117732
0.164102
0.133655
0.127221
0.153671
0.179145
0.144398
0.173068
  0.1886
0.156579
  0.1614
0.144515
 0.16099
0.136588
  0.1316
0.133106
0.151023
0.154299
 0.15882
0.163373
0.154822
0.129445
0.159051
0.176467
0.121018
0.160697
 0.13152
0.163936
0.161614
  0.1317
0.163696
 0.14238
0.137216
0.142085
