-0.00251882
  -0.015419
  0.0372683
  0.0521063
  0.0366846
 -0.0187107
  0.0254105
  0.0243455
  0.0262165
 -0.0116015
  0.0206357
  0.0163792
 0.00279922
  0.0236016
  0.0307893
-0.00343363
   0.016135
  0.0155862
 0.00016718
  0.0153325
 0.00455235
  0.0226575
 -0.0169703
  0.0181488
-0.00283619
 0.00860087
  0.0204117
  0.0140404
-0.00471616
-0.00111053
-0.00101344
 -0.0137693
   0.029949
-0.00426056
 -0.0064425
-0.00382247
  0.0194454
 -0.0117795
 0.00918248
 0.00327513
 0.00234463
 -0.0286191
  0.0234918
  0.0181978
 0.00581345
  0.0130614
 -0.0009934
 -0.0323448
-0.00286856
5.88212e-05
  0.0145206
  0.0011187
 0.00922623
  0.0166562
 -0.0165307
 -0.0100209
 0.00294346
 -0.0249208
  0.0126192
-0.00567605
  0.0285853
 0.00270136
   0.014017
 0.00601091
 0.00189505
 -0.0090142
 -0.0310571
  0.0163793
 -0.0126052
 -0.0164893
  0.0043261
  0.0310024
 0.00252798
  0.0281721
  0.0415369
 0.00707156
  0.0135292
-0.00452091
  0.0120958
 -0.0114481
   -0.01713
 -0.0163876
 0.00614885
 0.00821261
  0.0122203
   0.016025
  0.0103305
 -0.0192114
 0.00964632
  0.0271449
 -0.0267037
  0.0113437
 -0.0135576
  0.0168702
  0.0160645
 -0.0162651
   0.016468
-0.00643728
 -0.0123702
-0.00337567
