 -0.0451613
  -0.108245
   0.219479
    0.32213
   0.213156
  -0.127804
   0.150593
   0.140498
   0.161451
  -0.134592
   0.119925
  0.0260296
  0.0106541
   0.152916
   0.177101
 -0.0438777
  0.0871115
  0.0937278
 -0.0952258
  0.0562812
 -0.0161777
   0.118216
  -0.134823
   0.119304
 -0.0294036
   0.011734
   0.110133
  0.0751217
 -0.0767623
 -0.0156442
 -0.0354802
  -0.107985
   0.175609
 -0.0344818
 -0.0604098
 -0.0367641
  0.0774088
 -0.0928327
  0.0565227
 0.00748497
  0.0131169
  -0.206989
   0.152776
  0.0954919
  0.0239522
  0.0674114
 -0.0337269
  -0.229263
 -0.0420381
 -0.0149282
  0.0345389
 -0.0073071
  0.0433677
  0.0982153
  -0.118715
 -0.0751749
  0.0118906
  -0.175016
  0.0687599
 -0.0562591
   0.157746
  0.0102038
  0.0763544
  0.0292103
0.000641899
 -0.0760494
  -0.215123
  0.0940159
  -0.108968
   -0.15186
  0.0244748
   0.194298
 -0.0373461
   0.153787
   0.257332
  0.0438617
   0.076002
 -0.0365693
  0.0732658
 -0.0894161
  -0.122669
  -0.112624
 0.00681771
  0.0286619
  0.0588004
  0.0891527
  0.0321489
  -0.137036
  0.0603423
   0.176448
  -0.193211
  0.0713139
  -0.123198
  0.0929048
  0.0774234
  -0.121997
  0.0913093
 -0.0508008
 -0.0852287
 -0.0527697
