  0.00578852
  -0.0486706
    0.138716
    0.186311
    0.137986
  -0.0608363
   0.0941069
   0.0920542
   0.0940511
  -0.0100473
   0.0776085
   0.0961796
   0.0133344
    0.080886
    0.116712
-0.000952017
   0.0640109
   0.0570438
   0.0487274
   0.0740758
   0.0384378
   0.0919423
  -0.0457241
   0.0613403
 -0.00420612
   0.0514721
   0.0810118
    0.056042
  0.00694011
 0.000418577
   0.0109838
   -0.037803
    0.111856
  -0.0111628
  -0.0127451
 -0.00710111
   0.0909316
  -0.0321137
   0.0329552
   0.0180917
  0.00907242
  -0.0872994
   0.0802238
   0.0735726
   0.0267803
     0.05337
   0.0102408
   -0.101001
   0.0018953
  0.00785626
   0.0795347
   0.0111115
   0.0398243
   0.0619337
  -0.0508475
  -0.0292188
   0.0136778
  -0.0786302
   0.0497484
 -0.00971081
    0.111695
   0.0129072
   0.0552694
   0.0254676
   0.0123127
    -0.02207
  -0.0994862
   0.0621871
  -0.0295505
  -0.0339983
   0.0166033
    0.109534
   0.0355263
     0.11092
    0.148247
   0.0252128
   0.0521935
  -0.0118548
   0.0440061
  -0.0316129
  -0.0528652
  -0.0529391
   0.0375835
   0.0404198
   0.0520687
   0.0622571
   0.0527954
  -0.0595579
   0.0341376
   0.0927419
  -0.0814192
   0.0399676
  -0.0287848
   0.0660156
   0.0683851
  -0.0474352
   0.0641323
  -0.0175148
  -0.0398538
  0.00388041
