1.27468
 2.3944
3.30955
4.12777
4.81526
5.35566
 5.8755
6.25176
6.54863
6.62189
6.55138
6.13082
5.59784
5.13153
4.80191
4.47686
4.68151
4.94927
5.16193
5.47205
5.64092
5.68649
5.75773
5.71588
5.59381
5.55426
5.43959
 5.3108
5.29763
5.36024
5.35867
5.41415
 5.4729
5.48088
5.41243
5.40996
5.37869
5.38552
5.28354
5.17799
5.21806
5.32905
5.44153
 5.4387
5.41249
5.50489
5.53668
 5.4745
 5.3461
5.27069
 5.2232
5.24403
5.29019
 5.2907
5.39187
5.40436
5.43517
5.52402
5.46715
5.40866
5.47855
5.46548
5.42803
 5.4426
 5.3954
5.36863
5.33318
5.35949
5.55011
5.49088
5.45235
5.22964
5.10637
5.10088
5.15506
5.29622
5.31379
 5.4207
5.54261
 5.6246
5.62823
5.59629
5.52524
 5.4575
5.45845
5.39155
5.37358
5.27107
5.25069
5.29568
5.37964
5.42605
5.48953
5.49551
5.52395
5.46926
5.34965
5.30245
 5.2551
5.27497
