4.49185
5.25549
5.67904
6.19151
7.26214
8.23231
9.95155
13.7842
20.6437
28.2152
  43.77
56.8713
62.6597
59.2939
55.0607
42.4818
31.9385
28.3653
 23.867
24.5575
  27.76
30.4084
32.4931
37.3841
41.4263
42.9098
43.5728
37.9755
35.6306
37.7348
37.2981
36.5934
36.8807
 37.973
39.4085
39.4597
39.7935
42.3091
 42.254
37.0142
34.4362
32.9207
33.9538
33.6495
32.2646
33.2236
36.4144
42.4627
43.7654
43.1876
39.3402
35.4015
35.5079
31.5203
33.3191
 34.788
37.1684
38.1327
37.8451
38.7157
39.2376
36.5512
36.1106
37.1796
39.2793
39.6274
36.1971
34.6334
36.9594
40.7302
45.6686
47.0645
41.1811
37.2654
33.5309
31.3295
30.6442
30.0153
 31.035
34.7039
39.3543
38.5703
39.8488
38.8049
 38.353
37.2613
37.0649
40.2525
37.3194
32.8287
31.3237
34.1918
35.8845
36.6853
37.6755
38.5408
43.2103
38.9463
38.2073
35.9721
