 -0.745063
 -0.521119
  -0.33809
 -0.174446
-0.0369471
  0.071133
  0.175099
  0.250351
  0.309725
  0.324378
  0.310276
  0.226163
  0.119567
 0.0263056
-0.0396189
 -0.104629
-0.0636988
-0.0101462
 0.0323862
 0.0944093
  0.128183
  0.137298
  0.151546
  0.143176
  0.118763
  0.110852
 0.0879172
 0.0621606
 0.0595253
 0.0720479
 0.0717345
 0.0828299
 0.0945798
 0.0961764
  0.082486
 0.0819921
  0.075738
 0.0771042
 0.0567084
 0.0355976
  0.043613
  0.065809
 0.0883068
 0.0877393
 0.0824979
  0.100978
  0.107335
 0.0948999
 0.0692202
  0.054138
 0.0446408
 0.0488057
 0.0580371
 0.0581409
 0.0783734
 0.0808724
 0.0870336
  0.104803
 0.0934308
 0.0817311
 0.0957109
 0.0930962
 0.0856063
 0.0885192
 0.0790806
 0.0737252
 0.0666362
 0.0718977
  0.110021
 0.0981759
 0.0904707
 0.0459273
 0.0212745
  0.020175
 0.0310125
 0.0592444
 0.0627576
 0.0841399
  0.108523
   0.12492
  0.125646
  0.119258
  0.105048
 0.0914993
 0.0916894
 0.0783105
 0.0747167
 0.0542147
 0.0501373
  0.059137
 0.0759287
 0.0852097
 0.0979061
 0.0991015
  0.104791
 0.0938521
 0.0699294
 0.0604895
   0.05102
 0.0549938
