0.00324967
0.00288998
0.00239342
0.00208458
0.00247159
 0.0029057
0.00411722
0.00760854
 0.0142374
 0.0218114
 0.0375946
  0.051253
 0.0576382
 0.0547095
 0.0507664
 0.0383888
 0.0275323
 0.0236526
  0.018894
 0.0192783
 0.0223425
 0.0249716
 0.0270055
 0.0319881
 0.0361945
 0.0377328
 0.0385184
 0.0329947
 0.0306393
 0.0327016
 0.0322621
 0.0314942
 0.0317251
 0.0328203
 0.0343394
 0.0343936
 0.0347624
 0.0372965
 0.0373439
 0.0321578
 0.0295133
 0.0278703
 0.0288003
 0.0284958
 0.0271233
 0.0279987
 0.0311897
 0.0373618
 0.0388074
 0.0382999
 0.0344616
 0.0304621
  0.030523
 0.0264945
 0.0282093
 0.0296805
 0.0320537
 0.0329381
 0.0327049
 0.0336434
 0.0341001
 0.0313998
 0.0309925
 0.0320576
 0.0342261
 0.0346048
 0.0311757
 0.0295696
 0.0317265
 0.0355953
 0.0406225
 0.0422575
 0.0364391
 0.0324894
 0.0286625
 0.0262963
 0.0255863
  0.024843
 0.0257499
  0.029373
 0.0340667
  0.033307
 0.0346702
 0.0336843
 0.0332268
 0.0321917
 0.0320114
 0.0353348
 0.0323927
 0.0278111
 0.0262062
 0.0290563
  0.030702
 0.0315048
 0.0324763
 0.0334056
 0.0382431
 0.0339837
 0.0332851
 0.0310072
