0.894154
 1.58293
 2.17409
 2.58924
 2.96936
 3.26587
 3.49506
  3.6524
 3.76351
  3.6787
 3.60024
 3.49661
 3.34917
 3.15748
 3.01744
 2.88409
 2.79858
 2.70672
 2.77398
 2.83331
 2.92609
  3.0572
 3.09472
 3.10473
 3.14097
 3.02533
 3.06798
 2.99906
 3.07199
 3.07333
 3.12981
 3.10267
 3.08408
 3.13681
 3.12447
  3.1133
 3.02444
  3.0223
 3.04004
 3.04036
 3.03182
 3.05032
 3.00624
  3.0406
  3.1041
 3.11876
 3.09891
 2.99504
 2.93513
 2.89227
 2.95329
 2.97532
 3.01548
 3.02756
 3.01923
 3.00526
 2.96685
 2.94262
 2.91109
 2.96459
  3.0054
 3.15553
 3.20466
   3.152
 3.20194
 3.15861
 3.03752
 2.99981
  3.0159
 3.00398
 2.97351
 2.96077
 2.93429
 2.97326
 3.05337
 3.11819
 3.05508
 3.02199
 3.02035
 2.98865
 2.98288
 3.05534
  3.0356
  3.0179
 2.95807
 2.97772
 2.97002
 2.92199
 2.86112
 2.82885
 2.82117
 2.86011
 2.97076
  2.9477
 2.94227
 2.97917
 3.05658
 3.04632
 3.11003
 3.06944
