2.44168
2.87294
3.47283
4.01718
5.00493
5.95338
8.07561
10.4642
14.6362
 19.451
24.7861
28.0046
 29.392
29.9128
30.2944
29.6048
27.7243
25.0618
21.8972
19.1159
18.2195
19.7356
20.3185
20.9871
22.1803
22.2244
 21.676
20.5571
19.3827
20.2705
21.4061
22.7801
23.3616
23.7482
 23.368
24.8743
 23.909
22.3235
 22.737
 22.648
23.3854
23.9615
22.2601
22.5904
23.1452
24.0045
26.4042
26.0968
25.5913
23.8462
22.3658
 22.328
22.6678
22.9042
21.9025
22.9882
 22.914
23.1467
21.4793
18.9889
  18.82
19.3558
20.2588
23.0613
23.1466
24.1561
23.9382
23.8384
23.2369
22.1782
21.2363
22.2408
21.6088
21.6141
19.8324
21.3489
23.4327
25.0634
26.1084
 23.552
23.5178
22.5168
23.4875
25.7258
25.0259
25.6502
25.5652
25.4111
24.4039
23.9333
21.7894
21.0471
21.2782
21.5931
21.8552
21.2997
21.5857
21.3863
 21.676
24.2694
