-0.642338
-0.366828
-0.130365
0.0356954
 0.187744
 0.306348
 0.398026
  0.46096
 0.505405
  0.47148
 0.440097
 0.398643
 0.339667
 0.262992
 0.206975
 0.153638
 0.119433
0.0826862
  0.10959
 0.133323
 0.170436
 0.222879
 0.237887
 0.241891
 0.256387
 0.210131
 0.227191
 0.199624
 0.228795
  0.22933
 0.251923
 0.241066
  0.23363
 0.254724
 0.249788
 0.245318
 0.209777
 0.208921
 0.216017
 0.216143
 0.212729
  0.22013
 0.202498
 0.216241
 0.241638
 0.247506
 0.239565
 0.198018
 0.174051
 0.156909
 0.181315
 0.190129
 0.206193
 0.211024
 0.207693
 0.202104
  0.18674
 0.177049
 0.164436
 0.185835
  0.20216
 0.262211
 0.281864
 0.260799
 0.280778
 0.263443
 0.215009
 0.199924
 0.206362
 0.201592
 0.189405
 0.184307
 0.173716
 0.189302
 0.221347
 0.247274
 0.222032
 0.208794
 0.208139
  0.19546
 0.193152
 0.222135
 0.214238
 0.207158
 0.183227
 0.191088
 0.188009
 0.168795
 0.144448
 0.131542
 0.128469
 0.144045
 0.188302
 0.179079
 0.176907
 0.191669
 0.222632
 0.218526
  0.24401
 0.227778
