0.00631644
0.00526534
0.00530098
0.00582835
0.00830845
 0.0109694
 0.0186961
 0.0278032
 0.0443783
 0.0643767
 0.0864729
  0.100033
  0.106297
  0.109206
  0.111334
  0.109064
  0.101738
 0.0912452
 0.0780541
 0.0664594
 0.0624222
 0.0680753
 0.0703011
 0.0729893
 0.0777117
 0.0783636
  0.075951
 0.0716655
 0.0665744
 0.0701927
 0.0745972
 0.0803159
 0.0827652
 0.0841283
 0.0826265
 0.0888206
 0.0852431
 0.0787802
 0.0803959
 0.0800312
  0.083076
 0.0853518
 0.0785872
  0.079795
 0.0818006
 0.0852481
 0.0951235
 0.0942931
 0.0924744
 0.0855262
 0.0792347
 0.0789906
 0.0802134
 0.0811293
 0.0770744
  0.081563
  0.081417
 0.0824657
 0.0757888
 0.0654054
 0.0645493
 0.0661236
 0.0696087
 0.0812623
 0.0814066
 0.0857039
 0.0853087
 0.0850555
 0.0825347
 0.0782623
 0.0745419
 0.0786939
 0.0762227
 0.0760852
  0.068486
  0.074411
 0.0831741
  0.089965
 0.0942368
 0.0839322
  0.083816
 0.0794344
 0.0834773
 0.0926854
 0.0900729
 0.0925405
 0.0922251
 0.0917925
 0.0879298
 0.0861405
 0.0774213
 0.0742326
 0.0747242
 0.0761037
 0.0771957
 0.0747778
 0.0756291
  0.074857
 0.0757793
 0.0865306
