14.3068
26.5657
38.2476
50.1076
55.1758
62.8138
66.1286
 64.769
67.8718
64.0322
62.5477
 59.407
64.7352
64.9398
60.3573
57.3509
60.6969
68.3909
65.0555
62.7513
59.3804
 70.562
69.0582
60.1112
60.5412
58.5399
67.0019
63.8245
62.3661
60.3803
56.9436
 55.839
54.1195
56.1852
59.1305
 59.209
57.3947
59.0056
55.3801
57.6787
58.7401
53.7031
61.6236
66.3054
62.6528
 62.794
58.4499
59.7776
58.3625
 59.982
61.6989
62.9766
62.4629
57.3039
54.4923
57.0613
63.2504
55.8346
60.7372
61.6746
63.3071
61.6893
63.2138
57.0033
65.8855
67.1216
63.2172
64.4798
64.8897
60.5313
58.6044
57.3566
55.9264
53.7739
62.3458
64.6531
63.1496
64.1952
62.9076
65.0835
66.0091
58.6642
 60.003
64.4253
64.9791
60.2382
60.3418
62.5083
 61.975
55.7574
56.2775
62.0297
 64.409
60.4393
60.0351
55.3586
58.2574
66.2012
58.6891
59.0622
