8.61583
9.65956
9.69065
9.59611
9.53041
9.49633
9.44985
9.41293
 9.4219
9.40768
9.45572
 9.4375
9.41547
9.39993
9.38872
9.43226
9.49821
9.40269
9.37296
9.41895
9.47809
9.36293
9.36039
9.39129
9.43196
9.47628
9.40344
9.36274
9.42029
9.41565
 9.4438
 9.4699
9.49752
9.48935
9.47747
9.46451
9.43296
9.44378
9.43106
9.50639
9.48332
9.47993
9.48386
9.43411
9.46968
9.40419
9.44277
9.44257
9.50751
9.48028
9.43364
 9.4447
9.41876
9.43557
9.53782
9.48761
9.42269
 9.4224
9.48706
9.46403
9.41915
9.37281
9.38947
9.45077
9.40008
9.34228
9.39868
9.41041
9.42248
9.39349
9.47271
 9.4428
9.45237
9.49415
9.48248
9.42211
 9.4367
9.39867
9.43487
9.46416
 9.3952
9.48462
9.47589
9.42124
9.41619
9.48001
9.43369
9.48725
9.42381
9.45291
9.48146
9.47177
9.35319
9.45209
9.47825
9.48645
9.49423
9.38688
 9.4063
9.42209
