0.723166
0.931913
0.938129
0.919221
0.906082
0.899265
 0.88997
0.882586
 0.88438
0.881535
0.891145
  0.8875
0.883093
0.879985
0.877743
0.886452
0.899642
0.880538
0.874592
0.883791
0.895619
0.872587
0.872079
0.878258
0.886392
0.895257
0.880687
0.872548
0.884057
0.883131
 0.88876
 0.89398
0.899504
0.897869
0.895494
0.892903
0.886592
0.888757
0.886211
0.901278
0.896663
0.895987
0.896772
0.886822
0.893936
0.880837
0.888553
0.888514
0.901502
0.896056
0.886728
0.888941
0.883753
0.887115
0.907563
0.897523
0.884537
 0.88448
0.897412
0.892807
 0.88383
0.874563
0.877894
0.890155
0.880015
0.868455
0.879736
0.882082
0.884496
0.878698
0.894542
0.888561
0.890474
 0.89883
0.896495
0.884422
 0.88734
0.879734
0.886973
0.892832
 0.87904
0.896924
0.895177
0.884248
0.883238
0.896002
0.886738
0.897449
0.884762
0.890582
0.896291
0.894353
0.870639
0.890418
 0.89565
0.897291
0.898845
0.877376
0.881259
0.884418
