0.00574849
 0.0170769
 0.0288454
 0.0409207
 0.0461064
  0.053856
 0.0572512
 0.0559152
 0.0590404
 0.0551763
 0.0536283
 0.0504743
 0.0558785
 0.0561008
 0.0514834
 0.0484027
 0.0517158
 0.0595841
  0.056245
 0.0538711
 0.0504064
 0.0618172
 0.0603008
 0.0512322
 0.0516255
 0.0495593
 0.0581803
 0.0550119
 0.0534806
 0.0514794
 0.0479796
 0.0468374
 0.0450727
 0.0471675
 0.0501546
 0.0502469
 0.0484462
 0.0500625
 0.0464132
 0.0486589
 0.0497544
 0.0446699
 0.0526664
 0.0574458
 0.0537203
 0.0539291
 0.0495022
 0.0508435
 0.0493485
 0.0510119
 0.0527932
 0.0540726
   0.05358
 0.0483518
 0.0454086
 0.0480543
 0.0543715
  0.046881
 0.0517679
  0.052738
 0.0544322
 0.0528449
  0.054368
 0.0480329
  0.057056
 0.0583629
 0.0543621
 0.0556256
 0.0560275
 0.0516544
 0.0496279
 0.0483977
 0.0469435
 0.0447271
 0.0533973
 0.0557888
 0.0542555
 0.0553501
 0.0540129
 0.0561811
 0.0571858
 0.0496764
 0.0510375
 0.0555597
 0.0561241
 0.0512709
 0.0514224
 0.0535566
  0.053082
 0.0467722
 0.0472688
 0.0530888
 0.0556119
 0.0515023
 0.0510675
 0.0463355
 0.0492558
 0.0573882
 0.0497806
 0.0501416
